New Key 04/02/2010
[001](01,J,4), [002](14,G,5), [003](10,F,4), [004](19,E,2), [005](10,O,1), 
[006](12,U,4), [007](06,P,2), [008](20,L,3), [009](06,G,1), [010](19,A,1), 
[011](11,K,3), [012](16,K,4), [013](19,J,5), [014](08,P,5), [015](01,M,1), 
[016](04,H,1), [017](20,L,3), [018](22,O,2), [019](12,F,1), [020](02,C,5), 
[021](03,J,4), [022](14,P,3), [023](11,M,4), [024](16,U,1), [025](06,R,5), 
[026](18,L,4), [027](13,M,4), [028](06,X,5), [029](02,T,3), [030](04,L,4), 
[031](18,W,1), [032](07,T,4), [033](02,M,3), [034](02,U,2), [035](15,M,2), 
[036](16,S,4), [037](23,J,2), [038](12,V,4), [039](04,F,1), [040](10,O,4), 
[041](15,A,3), [042](02,C,1), [043](18,J,4), [044](13,Q,5), [045](19,G,1), 
[046](03,C,1), [047](08,N,2), [048](22,Y,5), [049](14,I,4), [050](06,U,4), 
[051](14,A,5), [052](19,U,1), [053](06,W,2), [054](16,L,3), [055](08,W,2), 
[056](02,N,4), [057](18,R,1), [058](01,C,5), [059](16,X,4), [060](14,G,2), 
[061](09,H,1), [062](23,S,3), [063](16,C,3), [064](08,O,2), [065](16,S,4), 
[066](20,N,3), [067](08,P,4), [068](18,Q,5), [069](10,Q,1), [070](12,A,1), 
[071](14,F,4), [072](07,F,1), [073](03,W,4), [074](02,M,1), [075](06,M,4), 
[076](04,K,5), [077](15,E,5), [078](17,K,3), [079](09,T,5), [080](08,B,1), 
[081](16,T,3), [082](10,D,3), [083](16,M,4), [084](20,H,3), [085](04,R,2), 
[086](20,W,4), [087](07,Q,5), [088](04,J,3), [089](04,A,4), [090](21,L,1), 
[091](20,E,3), [092](22,K,1), [093](06,T,5), [094](05,B,4), [095](21,T,3), 
[096](15,D,3), [097](13,M,2), [098](17,H,3), [099](09,R,5), [100](17,W,2), 
[101](09,K,2), [102](05,D,4), [103](21,T,2), [104](03,E,1), [105](22,W,1), 
[106](15,D,4), [107](07,N,1), [108](07,U,2), [109](23,M,5), [110](16,V,4), 
[111](14,G,1), [112](19,B,5), [113](11,L,4), [114](04,T,1), [115](10,D,5), 
[116](10,V,2), [117](11,C,5), [118](03,J,2), [119](03,D,4), [120](01,C,3), 
[121](09,H,4), [122](09,N,5), [123](24,G,3), [124](10,P,3), [125](16,Y,4), 
[126](20,T,3), [127](12,E,2), [128](06,M,5), [129](12,W,3), [130](11,P,5), 
[131](05,V,3), [132](17,V,5), [133](04,W,1), [134](03,V,1), [135](10,A,3), 
[136](15,U,2), [137](06,N,4), [138](11,Q,5), [139](05,A,5), [140](22,N,1), 
[141](14,X,3), [142](07,G,1), [143](11,W,4), [144](11,P,1), [145](04,V,3), 
[146](17,U,1), [147](04,V,3), [148](18,U,1), [149](19,B,4), [150](19,T,1), 
[151](24,O,5), [152](07,Y,4), [153](15,H,3), [154](20,C,4), [155](11,I,2), 
[156](13,N,4), [157](04,X,1), [158](09,C,4), [159](14,T,2), [160](15,C,2), 
[161](15,U,5), [162](11,P,4), [163](03,A,3), [164](19,U,5), [165](16,P,1), 
[166](21,Y,1), [167](23,F,3), [168](07,S,4), [169](18,M,5), [170](19,R,5), 
[171](19,K,4), [172](12,Q,5), [173](18,I,1), [174](20,O,3), [175](19,U,4), 
[176](21,X,2), [177](16,Y,5), [178](17,F,5), [179](15,P,2), [180](16,V,4), 

